Pen	BirdID	SeedDen	Habitat	FeedRate	Hx	Hc	Ht	ProVig	DurVig	SearchTime	FreqVig	Date	Time	Sex
1	BL	5	BareSoil	0.378	0.884	0.898	1.782	0.026	0.27	1.083	0	08/11/2008	9	M
1	BR	5	BareSoil	0.467	0.56	0.573	1.133	0.196	0.42	0.475	0.467	08/11/2008	9	F
1	RL	5	BareSoil	0.562	0.467	0.387	0.854	0.146	1.32	0.845	0.245	08/11/2008	9	F
1	RR	5	BareSoil	0.302	0.62	1.18	1.8	0.199	0.173	0.24	0.962	08/11/2008	9	F
1	RRBL	5	BareSoil	0.427	0.557	0.85	1.407	0	0	0.5	0	08/11/2008	9	M
2	BL	5	BareSoil	0.409	0.467	0.427	0.894	0.27	0.33	0.08	0.818	12/11/2008	10	F
2	BR	5	BareSoil	0.276	0.535	0.335	0.87	0.478	1.3	0.447	0.368	12/11/2008	10	F
2	RL	5	BareSoil	0.509	0.493	0.402	0.895	0.106	0.26	0.744	0.407	12/11/2008	10	M
2	RR	5	BareSoil	NA	NA	NA	NA	NA	NA	NA	NA	NA	NA	M
2	RRBL	5	BareSoil	NA	NA	NA	NA	NA	NA	NA	NA	NA	NA	M
3	BL	5	BareSoil	0.159	0.668	0.822	1.49	0.049	0.46	1.525	0.106	19/11/2008	12	F
3	BR	5	BareSoil	0.507	0.4	0.19	0.59	0.318	0.627	0.307	0.507	19/11/2008	12	M
3	RL	5	BareSoil	0.494	0.6	0.328	0.928	0.059	0.24	0.657	0.529	19/11/2008	12	M
3	RR	5	BareSoil	0.602	0.393	0.495	0.888	0.185	0.48	0.52	0.124	19/11/2008	12	M
3	RRBL	5	BareSoil	0.855	0.44	0.313	0.753	0.154	0.24	0.145	0.49	19/11/2008	12	M
4	BL	5	BareSoil	0.216	0.592	0.474	1.066	0.032	0.24	0.173	0.108	18/11/2008	11	F
4	BR	5	BareSoil	0.77	0.487	0.314	0.801	0.134	0.32	0.279	0.128	18/11/2008	11	M
4	RL	5	BareSoil	0.198	0.383	0.447	0.83	0.418	0.36	1.08	0.285	18/11/2008	11	F
4	RR	5	BareSoil	0.428	0.35	0.38	0.73	0.103	1.41	1.3	0.297	18/11/2008	11	F
4	RRBL	5	BareSoil	0.17	0.616	0.688	1.304	0.131	0.513	0.607	0.254	18/11/2008	11	F
1	BL	10	BareSoil	0.857	0.623	0.296	0.919	0.109	0.38	0.118	0.286	08/11/2008	11	M
1	BR	10	BareSoil	0.367	0.448	0.457	0.905	0.084	0.602	1.61	0.122	08/11/2008	11	F
1	RL	10	BareSoil	0.623	0.477	0.735	1.212	0.057	0.213	0.264	0.267	08/11/2008	11	F
1	RR	10	BareSoil	0.609	0.476	0.538	1.014	0	0	0.645	0	12/11/2008	10	F
1	RRBL	10	BareSoil	0.394	0.496	0.52	1.016	0.244	0.18	0.43	0.197	08/11/2008	11	M
2	BL	10	BareSoil	0.955	0.435	0.285	0.72	0.268	0.168	0.08	1.592	08/11/2008	11	F
2	BR	10	BareSoil	0.528	0.585	0.33	0.915	0	0	1.293	0	08/11/2008	11	F
2	RL	10	BareSoil	0.298	0.49	0.44	0.93	0.071	0.24	0.16	0.298	08/11/2008	11	M
2	RR	10	BareSoil	0.264	0.562	0.427	0.989	0.144	0.41	1.387	0.361	08/11/2008	11	M
2	RRBL	10	BareSoil	0.326	0.565	0.623	1.188	0.175	0.407	0.318	0.391	08/11/2008	11	M
3	BL	10	BareSoil	0.268	0.738	1.008	1.746	0.113	0.56	0.94	0.201	08/11/2008	12	F
3	BR	10	BareSoil	0.574	0.563	0.857	1.42	0.106	0.23	0.616	0.459	08/11/2008	12	M
3	RL	10	BareSoil	1.075	0.327	0.44	0.767	0	0	0.253	0	12/11/2008	11	M
3	RR	10	BareSoil	0.589	0.366	0.74	1.106	0.22	0.56	0.326	0.393	08/11/2008	12	M
3	RRBL	10	BareSoil	0.464	0.553	0.52	1.073	0.25	0.27	0.247	0.927	08/11/2008	12	M
4	BL	10	BareSoil	0.369	0.395	0.818	1.213	0.226	1.84	0.62	0.123	12/11/2008	10	F
4	BR	10	BareSoil	0.271	0.566	0.473	1.039	0.229	0	1.537	0.102	18/11/2008	11	M
4	RL	10	BareSoil	0.485	0.5	1.434	1.934	0	0	0.602	0	12/11/2008	10	F
4	RR	10	BareSoil	0.419	0.369	0.827	1.196	0.128	0.368	0.323	0.349	12/11/2008	10	F
4	RRBL	10	BareSoil	0.372	0.528	0.717	1.245	0.223	0.525	0.476	0.425	18/11/2008	11	F
1	BL	15	BareSoil	0.637	0.35	0.828	1.178	0.064	0.4	0.212	0.159	18/11/2008	9	M
1	BR	15	BareSoil	1.045	0.27	0.17	0.44	0.125	0.24	0.18	0.523	18/11/2008	9	F
1	RL	15	BareSoil	0.637	0.317	0.473	0.79	0.115	0.36	0.525	0.318	18/11/2008	9	F
1	RR	15	BareSoil	1.223	0.306	0.172	0.478	0.122	0.2	0.173	0.612	18/11/2008	9	F
1	RRBL	15	BareSoil	0.758	0.292	0.24	0.532	0.008	0.04	0.383	0.189	18/11/2008	9	M
2	BL	15	BareSoil	0.42	0.36	0.556	0.916	0.266	0.506	0.29	0.525	16/11/2008	11	F
2	BR	15	BareSoil	0.626	0.356	0.605	0.961	0.053	0.38	0.581	0.139	12/11/2008	11	F
2	RL	15	BareSoil	0.311	0.822	1.024	1.846	0.234	0.602	0.275	0.389	16/11/2008	11	M
2	RR	15	BareSoil	0.288	0.427	0.865	1.292	0.376	1.087	0.198	0.346	16/11/2008	11	M
2	RRBL	15	BareSoil	0.449	0.378	0.842	1.22	0.248	0.552	0.365	0.449	16/11/2008	11	M
3	BL	15	BareSoil	0.694	0.368	0.532	0.9	0.135	0.26	0.236	0.521	12/11/2008	10	F
3	BR	15	BareSoil	0.363	0.406	0.754	1.16	0.341	0.47	0.162	0.725	16/11/2008	11	M
3	RL	15	BareSoil	0.806	0.265	0.542	0.807	0.052	0.107	0.666	0.484	12/11/2008	10	M
3	RR	15	BareSoil	0.845	0.277	0.354	0.631	0.188	0.39	0.41	0.483	12/11/2008	10	M
3	RRBL	15	BareSoil	0.623	0.574	0.24	0.814	0.193	0.413	0.353	0.467	12/11/2008	10	M
4	BL	15	BareSoil	0.5	0.303	0.8	1.103	0.131	0.288	0.856	0.045	18/11/2008	11	F
4	BR	15	BareSoil	0.672	0.483	0.33	0.813	0.084	0.2	0.198	0.42	18/11/2008	11	M
4	RL	15	BareSoil	1.255	0.281	0.169	0.45	0	0	0	0	18/11/2008	11	F
4	RR	15	BareSoil	0.545	0.45	0.65	1.1	0	0	0.795	0	18/11/2008	11	F
4	RRBL	15	BareSoil	0.551	0.437	0.616	1.053	0.039	0.28	0.792	0.138	18/11/2008	11	F
1	BL	25	BareSoil	0.629	0.377	0.497	0.874	0.126	0.2	0.184	0.629	29/10/2008	13	M
1	BR	25	BareSoil	0.702	0.28	0.4	0.68	0.218	0.62	0.375	0.351	24/11/2008	11	F
1	RL	25	BareSoil	0.53	0.345	0.462	0.807	0.136	0.29	0.754	0.424	24/11/2008	11	F
1	RR	25	BareSoil	0.52	0.436	0.584	1.02	0.14	0.443	0.105	0.26	24/11/2008	11	F
1	RRBL	25	BareSoil	1.114	0.296	0.215	0.511	0.281	0.36	0.103	0.78	29/10/2008	13	M
2	BL	25	BareSoil	1.318	0.261	0.224	0.485	0.026	0.2	0.218	0.132	28/10/2008	10	F
2	BR	25	BareSoil	1.266	0.246	0.199	0.445	0	0	0.088	0	28/10/2008	10	F
2	RL	25	BareSoil	0.927	0.308	0.218	0.526	0.135	0.267	0.33	0.506	28/10/2008	10	M
2	RR	25	BareSoil	0.532	0.317	0.28	0.597	0.394	1.11	0.18	0.355	28/10/2008	10	M
2	RRBL	25	BareSoil	0.606	0.457	0.35	0.807	0.264	0.305	0.302	0.865	28/10/2008	10	M
3	BL	25	BareSoil	0.227	0.464	1.062	1.526	0.07	0.62	0.683	0.113	27/10/2008	11	F
3	BR	25	BareSoil	0.436	0.363	0.491	0.854	0.441	1.683	0.395	0.262	27/10/2008	11	M
3	RL	25	BareSoil	0.705	0.285	0.489	0.774	0.045	0.233	0.225	0.192	27/10/2008	11	M
3	RR	25	BareSoil	0.53	0.491	0.434	0.925	0.189	0.407	0.443	0.464	27/10/2008	11	M
3	RRBL	25	BareSoil	0.407	0.462	0.328	0.79	0.31	0.507	0.51	0.611	27/10/2008	11	M
4	BL	25	BareSoil	0.462	0.487	0.543	1.03	0.185	0.394	0.484	0.462	27/10/2008	12	F
4	BR	25	BareSoil	NA	NA	NA	NA	NA	NA	NA	NA	NA	NA	M
4	RL	25	BareSoil	0.725	0.35	0.22	0.57	0.025	0.24	0.957	0.104	27/10/2008	12	F
4	RR	25	BareSoil	1.345	0.372	0.208	0.58	0.078	0.51	0.132	0.149	27/10/2008	12	F
4	RRBL	25	BareSoil	1.351	0.403	0.173	0.576	0.074	0.22	0.105	0.338	27/10/2008	12	F
1	BL	50	BareSoil	1.092	0.315	0.529	0.844	0.166	0.448	0.148	0.371	27/10/2008	10	M
1	BR	50	BareSoil	0.555	0.362	0.557	0.919	0.331	1.634	0.394	0.203	27/10/2008	10	F
1	RL	50	BareSoil	1.337	0.305	0.207	0.512	0.424	1.133	1.45	0.128	27/10/2008	13	F
1	RR	50	BareSoil	1.331	0.377	0.277	0.654	0.043	0.2	0.18	0.267	27/10/2008	10	F
1	RRBL	50	BareSoil	0.675	0.487	0.61	1.097	0.478	1.479	0.288	0.346	27/10/2008	10	M
2	BL	50	BareSoil	1.174	0.271	0.876	1.147	0.075	0.233	1.11	0.316	27/10/2008	13	F
2	BR	50	BareSoil	0.979	0.307	0.82	1.127	0.101	0.32	0.85	0.297	27/10/2008	13	F
2	RL	50	BareSoil	1.337	0.303	0.56	0.863	0.188	0.643	0.564	0.292	12/11/2008	10	M
2	RR	50	BareSoil	1.391	0.307	0.277	0.584	0.292	1.043	0.607	0.28	12/11/2008	10	M
2	RRBL	50	BareSoil	0.646	0.569	0.721	1.29	0.166	0.557	0.712	0.299	12/11/2008	10	M
3	BL	50	BareSoil	0.205	0.473	1.66	2.133	0.167	0.866	1.94	0.235	24/10/2008	9	F
3	BR	50	BareSoil	0.71	0.372	0.618	0.99	0.06	0.253	0.418	0.193	19/11/2008	12	M
3	RL	50	BareSoil	0.816	0.384	0.373	0.757	0.131	0.32	0.176	0.408	19/11/2008	12	M
3	RR	50	BareSoil	0.41	0.335	1.418	1.753	0.02	0.24	0.486	0.082	19/11/2008	12	M
3	RRBL	50	BareSoil	0.39	0.54	0.785	1.325	0.335	0.876	0.348	0.382	19/11/2008	12	M
4	BL	50	BareSoil	0.33	0.494	0.668	1.162	0.02	0.24	0.64	0.308	24/10/2008	10	F
4	BR	50	BareSoil	0.564	0.533	0.759	1.292	0.107	0.348	0.632	0.082	12/11/2008	9	M
4	RL	50	BareSoil	0.863	0.345	0.512	0.857	0.144	0.683	0.463	0.197	12/11/2008	9	F
4	RR	50	BareSoil	0.932	0.281	0.136	0.417	0.091	0.173	0.27	0.525	24/10/2008	10	F
4	RRBL	50	BareSoil	0.229	0.657	1.268	1.925	0	0	0.875	0	24/10/2008	10	F
1	BL	100	BareSoil	1.043	0.338	0.41	0.748	0.126	0.217	0.449	0.499	18/11/2008	9	M
1	BR	100	BareSoil	0.602	0.246	0.482	0.728	0.259	0.43	0.373	0.602	18/11/2008	9	F
1	RL	100	BareSoil	1.091	0.282	0.372	0.654	0.075	0.2	0.261	0.313	18/11/2008	9	F
1	RR	100	BareSoil	2.113	0.191	0.356	0.547	0.019	0.12	0.151	0.16	18/11/2008	9	F
1	RRBL	100	BareSoil	0.559	0.233	0.576	0.809	0.086	0.46	0.715	0.186	18/11/2008	9	M
2	BL	100	BareSoil	0.949	0.457	0.596	1.053	0.106	0.52	0.16	0.204	24/10/2008	11	F
2	BR	100	BareSoil	0.511	0.243	0.552	0.795	0.258	0.668	0.351	0.423	24/10/2008	11	F
2	RL	100	BareSoil	NA	NA	NA	NA	NA	NA	NA	NA	NA	NA	M
2	RR	100	BareSoil	NA	NA	NA	NA	NA	NA	NA	NA	NA	NA	M
2	RRBL	100	BareSoil	0.46	0.345	0.48	0.825	0.126	0.367	0.351	0.344	24/10/2008	11	M
3	BL	100	BareSoil	0.313	0.332	0.396	0.728	0.317	0	0.545	0	29/10/2008	13	F
3	BR	100	BareSoil	1.2	0.281	0.458	0.739	0.033	0.4	0.203	0.074	29/10/2008	13	M
3	RL	100	BareSoil	NA	NA	NA	NA	NA	NA	NA	NA	NA	NA	M
3	RR	100	BareSoil	1.167	0.371	0.395	0.766	0.112	0	0.13	0.317	29/10/2008	13	M
3	RRBL	100	BareSoil	0.728	0.408	0.572	0.98	0.419	0.352	0.463	0.33	29/10/2008	13	M
4	BL	100	BareSoil	NA	NA	NA	NA	NA	NA	NA	NA	NA	NA	F
4	BR	100	BareSoil	NA	NA	NA	NA	NA	NA	NA	NA	NA	NA	M
4	RL	100	BareSoil	NA	NA	NA	NA	NA	NA	NA	NA	NA	NA	F
4	RR	100	BareSoil	NA	NA	NA	NA	NA	NA	NA	NA	NA	NA	F
4	RRBL	100	BareSoil	NA	NA	NA	NA	NA	NA	NA	NA	NA	NA	F
1	BL	200	BareSoil	0.717	0.359	0.44	0.799	0.169	0.378	0.51	0.239	29/10/2008	13	M
1	BR	200	BareSoil	1.048	0.305	0.192	0.497	0.052	0.15	0.169	0.327	29/10/2008	13	F
1	RL	200	BareSoil	0.952	0.404	0.348	0.752	0.14	0.44	0.14	0.317	29/10/2008	13	F
1	RR	200	BareSoil	1.667	0.214	0.193	0.407	0.108	0.26	0.067	0.417	29/10/2008	13	F
1	RRBL	200	BareSoil	1.22	0.253	0.187	0.44	0.199	0.456	0.12	0.436	29/10/2008	13	M
2	BL	200	BareSoil	0.659	0.369	0.441	0.81	0.288	0.466	0.095	0.586	28/10/2008	11	F
2	BR	200	BareSoil	0.923	0.335	0.265	0.6	0.04	0.24	0.532	0.168	28/10/2008	11	F
2	RL	200	BareSoil	0.82	0.322	0.359	0.681	0.169	0.62	0.127	0.273	28/10/2008	11	M
2	RR	200	BareSoil	1.832	0.179	0.208	0.387	0.059	0.16	0.182	0.366	28/10/2008	11	M
2	RRBL	200	BareSoil	1.592	0.233	0.19	0.423	0.191	0.6	0.08	0.318	28/10/2008	11	M
3	BL	200	BareSoil	0.845	0.339	0.393	0.732	0.062	0.47	0.237	0.133	27/10/2008	14	F
3	BR	200	BareSoil	1.289	0.23	0.362	0.592	0	0	0.15	0	27/10/2008	14	M
3	RL	200	BareSoil	1.062	0.231	0.511	0.742	0	0	0.167	0	27/10/2008	14	M
3	RR	200	BareSoil	1.746	0.199	0.226	0.425	0.014	0	0.113	0	27/10/2008	14	M
3	RRBL	200	BareSoil	0.849	0.326	0.477	0.803	0.122	0.349	0.39	0.35	27/10/2008	14	M
4	BL	200	BareSoil	0.553	0.324	0.566	0.89	0.136	0.28	0.423	0.369	28/10/2008	11	F
4	BR	200	BareSoil	1.836	0.202	0.223	0.425	0.051	0.18	0.065	0.282	28/10/2008	11	M
4	RL	200	BareSoil	1.646	0.221	0.198	0.419	0.061	0.48	0.202	0.127	28/10/2008	11	F
4	RR	200	BareSoil	2.02	0.178	0.153	0.331	0.094	0.28	0.148	0.337	28/10/2008	11	F
4	RRBL	200	BareSoil	1.376	0.277	0.317	0.594	0.018	0.16	0.123	0.123	28/10/2008	11	F
1	1BL	400	BareSoil	NA	NA	NA	NA	NA	NA	NA	NA	NA	NA	M
1	1BR	400	BareSoil	NA	NA	NA	NA	NA	NA	NA	NA	NA	NA	F
1	1RL	400	BareSoil	NA	NA	NA	NA	NA	NA	NA	NA	NA	NA	F
1	1RR	400	BareSoil	NA	NA	NA	NA	NA	NA	NA	NA	NA	NA	F
1	1RRBL	400	BareSoil	NA	NA	NA	NA	NA	NA	NA	NA	NA	NA	M
2	BL	400	BareSoil	1.308	0.221	0.363	0.584	0.028	0	0.096	0	28/10/2008	12	F
2	BR	400	BareSoil	1.088	0.317	0.438	0.755	0	0	0.12	0	28/10/2008	12	F
2	RL	400	BareSoil	1.345	0.219	0.265	0.484	0.083	1.307	0.067	0.157	28/10/2008	12	M
2	RR	400	BareSoil	0.874	0.255	0.333	0.588	0.277	2.28	0.12	0.117	28/10/2008	12	M
2	RRBL	400	BareSoil	1.557	0.317	0.259	0.576	0	0	0.064	0	28/10/2008	12	M
3	BL	400	BareSoil	NA	NA	NA	NA	NA	NA	NA	NA	NA	NA	F
3	BR	400	BareSoil	1.199	0.198	0.328	0.526	0.068	0	0.184	0	28/10/2008	12	M
3	RL	400	BareSoil	0.504	0.419	0.647	1.066	0.104	0	0.748	0	28/10/2008	12	M
3	RR	400	BareSoil	1.166	0.37	0.286	0.656	0.14	0.48	0.05	0.292	28/10/2008	12	M
3	RRBL	400	BareSoil	NA	NA	NA	NA	NA	NA	NA	NA	NA	NA	M
4	BL	400	BareSoil	1.4	0.254	0.325	0.579	0	0	0.064	0	27/10/2008	14	F
4	BR	400	BareSoil	1.93	0.188	0.16	0.348	0.1	0.293	0.164	0.341	27/10/2008	14	M
4	RL	400	BareSoil	1.032	0.212	0.374	0.586	0.108	0	0.072	0	27/10/2008	14	F
4	RR	400	BareSoil	1.822	0.233	0.173	0.406	0.054	0.18	0.104	0.192	27/10/2008	14	F
4	RRBL	400	BareSoil	1.268	0.24	0.182	0.422	0.079	0.175	0.186	0.282	27/10/2008	14	F
1	BL	5	Stubble	1.111	0.318	0.248	0.566	0	0	0.287	0	14/11/2008	10	M
1	BR	5	Stubble	0.511	0.382	0.304	0.686	0.209	0.41	0.693	0.511	14/11/2008	10	F
1	RL	5	Stubble	0.641	0.432	0.24	0.672	0.179	0.373	0.372	0.481	14/11/2008	10	F
1	RR	5	Stubble	0.638	0.476	0.2	0.676	0.215	0.675	0.46	0.319	14/11/2008	10	F
1	RRBL	5	Stubble	0.904	0.488	0.363	0.851	0.072	0.443	0.464	0.286	14/11/2008	10	M
2	BL	5	Stubble	0.353	0.563	0.855	1.418	0.292	0.828	0.41	0.353	14/10/2008	10	F
2	BR	5	Stubble	0.278	0.428	0.24	0.668	0.353	0.576	0.469	0.612	14/10/2008	10	F
2	RL	5	Stubble	0.205	0.724	0.837	1.561	0.134	0.383	0.646	0.409	14/10/2008	10	M
2	RR	5	Stubble	0.149	0.794	1.25	2.044	0.338	1.814	1.65	0.186	14/10/2008	10	M
2	RRBL	5	Stubble	0.127	0.54	0.606	1.146	0.029	0.45	1.03	0.064	14/10/2008	10	M
3	BL	5	Stubble	NA	NA	NA	NA	NA	NA	NA	NA	NA	NA	F
3	BR	5	Stubble	0.39	0.524	0.224	0.748	0.047	0.48	1.565	0.098	14/11/2008	9	M
3	RL	5	Stubble	NA	NA	NA	NA	NA	NA	NA	NA	NA	NA	M
3	RR	5	Stubble	0.588	0.363	0.497	0.86	0.165	0.7	0.36	0.235	14/11/2008	9	M
3	RRBL	5	Stubble	NA	NA	NA	NA	NA	NA	NA	NA	NA	NA	M
4	BL	5	Stubble	0.658	0.568	0.27	0.838	0.07	0.32	0.697	0.219	08/11/2008	10	F
4	BR	5	Stubble	0.278	0.402	0.13	0.532	0.096	0	1.926	0.093	19/11/2008	12	M
4	RL	5	Stubble	0.429	0.47	0.285	0.755	0.114	0.267	0.983	0.429	08/11/2008	10	F
4	RR	5	Stubble	0.387	0.668	0.29	0.958	0.155	0.6	0.6	0.258	08/11/2008	10	F
4	RRBL	5	Stubble	0.769	0.44	0.168	0.608	0.108	0.187	0.313	0.577	19/11/2008	12	F
1	BL	10	Stubble	0.318	0.6	0.587	1.187	0.51	1.6	0.18	0.318	18/11/2008	12	M
1	BR	10	Stubble	0.433	0.36	0.223	0.583	0.325	0.537	0.624	0.606	18/11/2008	12	F
1	RL	10	Stubble	0.785	0.5	0.409	0.909	0	0	0.307	0	18/11/2008	12	F
1	RR	10	Stubble	0.595	0.417	0.365	0.782	0.143	0.22	0.57	0.397	14/11/2008	12	F
1	RRBL	10	Stubble	0.573	0.423	0.429	0.852	0.168	0.272	0.613	0.573	18/11/2008	12	M
2	BL	10	Stubble	0.35	0.407	0.495	0.902	0.187	0.261	0.248	0.699	14/11/2008	10	F
2	BR	10	Stubble	0.708	0.38	0.503	0.883	0.184	0.39	0.324	0.472	12/11/2008	12	F
2	RL	10	Stubble	0.328	0.384	0.543	0.927	0.248	0.471	0.762	0.492	14/11/2008	10	M
2	RR	10	Stubble	0.253	0.55	1.052	1.602	0.204	0.485	0.552	0.421	14/11/2008	10	M
2	RRBL	10	Stubble	1.012	0.327	0.248	0.575	0.121	0.204	0.255	0.506	18/11/2008	10	M
3	BL	10	Stubble	0.672	0.453	0.447	0.9	0.027	0.2	0.542	0.134	16/11/2008	12	F
3	BR	10	Stubble	0.321	0.431	1.38	1.811	0.144	0.459	0.488	0.286	18/11/2008	10	M
3	RL	10	Stubble	0.769	0.418	0.416	0.834	0.127	0.19	0.468	0.385	16/11/2008	12	M
3	RR	10	Stubble	NA	NA	NA	NA	NA	NA	NA	NA	NA	NA	M
3	RRBL	10	Stubble	0.425	0.347	0.527	0.874	0.231	0.435	0.336	0.51	16/11/2008	12	M
4	BL	10	Stubble	0.267	0.532	0.344	0.876	0.144	0.72	1.28	0.201	16/11/2008	12	F
4	BR	10	Stubble	0.388	0.591	0.299	0.89	0.04	0.18	1.256	0.221	16/11/2008	12	M
4	RL	10	Stubble	NA	NA	NA	NA	NA	NA	NA	NA	NA	NA	F
4	RR	10	Stubble	0.875	0.329	0.217	0.546	0.21	0.4	0.152	0.583	16/11/2008	12	F
4	RRBL	10	Stubble	0.608	0.38	0.385	0.765	0.118	0.272	0.714	0.434	16/11/2008	12	F
1	BL	15	Stubble	0.794	0.366	0.309	0.675	0.048	0.12	0.293	0.397	19/11/2008	13	M
1	BR	15	Stubble	0.917	0.391	0.236	0.627	0.055	0.2	0.333	0.229	19/11/2008	13	F
1	RL	15	Stubble	NA	NA	NA	NA	NA	NA	NA	NA	NA	NA	F
1	RR	15	Stubble	0.254	0.407	0.473	0.88	0.165	1.08	1.604	0.153	19/11/2008	13	F
1	RRBL	15	Stubble	0.521	0.4	0.278	0.678	0.242	0.4	0.43	0.521	19/11/2008	13	M
2	BL	15	Stubble	0.383	0.571	0.8	1.371	0.063	0.15	1.388	0.164	19/11/2008	11	F
2	BR	15	Stubble	0.331	0.351	0.97	1.321	0.148	0.67	0.49	0.221	19/11/2008	11	F
2	RL	15	Stubble	NA	NA	NA	NA	NA	NA	NA	NA	NA	NA	M
2	RR	15	Stubble	0.233	0.383	0.36	0.743	0.427	0.74	1.426	0.279	19/11/2008	11	M
2	RRBL	15	Stubble	0.719	0.369	0.365	0.734	0.049	0.24	0.642	0.205	19/11/2008	11	M
3	BL	15	Stubble	0.328	0.62	0.38	1	0.239	0.607	0.276	0.393	14/11/2008	10	F
3	BR	15	Stubble	0.889	0.332	0.318	0.65	0	0	0.41	0	14/11/2008	10	M
3	RL	15	Stubble	1.06	0.299	0.234	0.533	0.155	0.11	0.273	0.53	14/11/2008	10	M
3	RR	15	Stubble	0.845	0.299	0.248	0.547	0.135	0.4	0.506	0.338	14/11/2008	10	M
3	RRBL	15	Stubble	NA	NA	NA	NA	NA	NA	NA	NA	NA	NA	M
4	BL	15	Stubble	0.753	0.42	0.5	0.92	0.163	0.2	0.096	0.602	19/11/2008	10	F
4	BR	15	Stubble	0.573	0.391	0.596	0.987	0.095	0.44	0.353	0.215	19/11/2008	10	M
4	RL	15	Stubble	0.768	0.504	0.36	0.864	0	0	0.373	0	12/11/2008	10	F
4	RR	15	Stubble	0.71	0.579	0.187	0.766	0.038	0.16	0.572	0.237	12/11/2008	10	F
4	RRBL	15	Stubble	0.581	0.516	0.431	0.947	0.09	0.12	0.763	0.327	12/11/2008	10	F
1	BL	25	Stubble	0.498	0.406	0.336	0.742	0.04	0.16	1.038	0.249	19/11/2008	13	M
1	BR	25	Stubble	0.546	0.38	0.483	0.863	0.151	0.4775	0.414	0.312	19/11/2008	13	F
1	RL	25	Stubble	0.66	0.356	0.277	0.633	0.109	0.35	0.12	0.22	19/11/2008	13	F
1	RR	25	Stubble	0.837	0.346	0.28	0.626	0.11	0.117	0.646	0.359	19/11/2008	13	F
1	RRBL	25	Stubble	0.429	0.375	0.451	0.826	0.147	0.48	0.402	0.306	19/11/2008	13	M
2	BL	25	Stubble	NA	NA	NA	NA	NA	NA	NA	NA	NA	NA	F
2	BR	25	Stubble	NA	NA	NA	NA	NA	NA	NA	NA	NA	NA	F
2	RL	25	Stubble	0.549	0.57	0.625	1.195	0.104	0.303	0.152	0.299	14/11/2008	11	M
2	RR	25	Stubble	0.482	0.44	0.555	0.995	0.235	0.61	0.376	0.385	14/11/2008	11	M
2	RRBL	25	Stubble	0.629	0.38	0.515	0.895	0.122	0.307	0.256	0.27	12/11/2008	12	M
3	BL	25	Stubble	0.675	0.457	0.37	0.827	0.26	0.963	0.2	0.253	13/11/2008	9	F
3	BR	25	Stubble	1.048	0.26	0.256	0.516	0.117	0.17	0.416	0.253	13/11/2008	9	M
3	RL	25	Stubble	0.397	0.567	0.76	1.327	0.18	0.68	1.007	0.265	21/11/2008	11	M
3	RR	25	Stubble	1.167	0.265	0.283	0.548	0.103	0.253	0.192	0.35	13/11/2008	9	M
3	RRBL	25	Stubble	0.321	0.734	0.584	1.318	0.148	0.423	0.508	0.321	13/11/2008	9	M
4	BL	25	Stubble	0.409	0.501	0.389	0.89	0.191	0.827	1.084	0.204	14/11/2008	12	F
4	BR	25	Stubble	0.314	0.667	0.86	1.527	0.361	0.267	0.248	0.285	14/11/2008	12	M
4	RL	25	Stubble	0.664	0.332	0.452	0.784	0.212	0.171	0.28	0.664	08/11/2008	12	F
4	RR	25	Stubble	0.71	0.294	0.252	0.546	0.218	0.34	0.448	0.631	08/11/2008	12	F
4	RRBL	25	Stubble	0.384	0.589	0.602	1.191	0.036	0.233	0.674	0.154	08/11/2008	12	F
1	BL	50	Stubble	0.933	0.339	0.269	0.608	0.138	0.493	0.312	0.28	14/11/2008	12	M
1	BR	50	Stubble	1.049	0.289	0.48	0.769	0.013	0.12	0.374	0.105	19/11/2008	13	F
1	RL	50	Stubble	1.495	0.259	0.2	0.459	0.027	0.2	0.228	0.136	14/11/2008	12	F
1	RR	50	Stubble	0.405	0.379	0.42	0.799	0.337	1.328	0.324	0.253	14/11/2008	12	F
1	RRBL	50	Stubble	0.651	0.286	0.488	0.774	0.046	0.23	0.198	0.2	14/11/2008	12	M
2	BL	50	Stubble	0.526	0.376	0.326	0.702	0.239	0.453	0.12	0.526	19/11/2008	11	F
2	BR	50	Stubble	0.857	0.322	0.256	0.578	0.126	0.66	0.482	0.176	19/11/2008	11	F
2	RL	50	Stubble	0.968	0.3	0.335	0.635	0	0	0.702	0	19/11/2008	11	M
2	RR	50	Stubble	0.877	0.28	0.261	0.541	0.094	0.64	0.326	0.146	19/11/2008	11	M
2	RRBL	50	Stubble	1.237	0.275	0.292	0.567	0.076	0.16	0.306	0.381	19/11/2008	11	M
3	BL	50	Stubble	0.497	0.385	0.895	1.28	0.159	0.747	0.16	0.213	19/11/2008	9	F
3	BR	50	Stubble	0.942	0.357	0.307	0.664	0.096	0.28	0.216	0.342	19/11/2008	9	M
3	RL	50	Stubble	0.601	0.585	0.46	1.045	0.053	0.44	0.314	0.12	19/11/2008	9	M
3	RR	50	Stubble	0.684	0.235	0.515	0.75	0.141	0.288	0.192	0.488	19/11/2008	9	M
3	RRBL	50	Stubble	0.287	0.528	0.552	1.08	0.249	1.16	0.467	0.215	19/11/2008	9	M
4	BL	50	Stubble	0.312	0.387	0.705	1.092	0.267	1.43	0.784	0.187	12/11/2008	11	F
4	BR	50	Stubble	0.889	0.471	0.264	0.735	0.041	0.28	0.43	0.148	12/11/2008	11	M
4	RL	50	Stubble	0.481	0.336	0.668	1.004	0.25	1.04	0.233	0.24	12/11/2008	11	F
4	RR	50	Stubble	1.107	0.311	0.234	0.545	0	0	0.162	0	12/11/2008	11	F
4	RRBL	50	Stubble	1.275	0.263	0.201	0.464	0	0	0.54	0	12/11/2008	11	F
1	BL	100	Stubble	0.435	0.341	0.5	0.841	0.47	0.356	0.488	0.145	18/11/2008	12	M
1	BR	100	Stubble	0.33	0.784	0.418	1.202	0.496	1.503	0.272	0.33	18/11/2008	12	F
1	RL	100	Stubble	1.01	0.26	0.497	0.757	0.018	0.16	0.283	0.112	18/11/2008	12	F
1	RR	100	Stubble	0.982	0.322	0.302	0.624	0.16	0.227	0.097	0.368	19/11/2008	11	F
1	RRBL	100	Stubble	0.521	0.375	0.455	0.83	0.327	0.878	0.23	0.372	19/11/2008	11	M
2	BL	100	Stubble	NA	NA	NA	NA	NA	NA	NA	NA	NA	NA	F
2	BR	100	Stubble	NA	NA	NA	NA	NA	NA	NA	NA	NA	NA	F
2	RL	100	Stubble	NA	NA	NA	NA	NA	NA	NA	NA	NA	NA	M
2	RR	100	Stubble	NA	NA	NA	NA	NA	NA	NA	NA	NA	NA	M
2	RRBL	100	Stubble	NA	NA	NA	NA	NA	NA	NA	NA	NA	NA	M
3	BL	100	Stubble	0.41	0.501	0.491	0.992	0.031	0.84	0.91	0.037	14/11/2008	10	F
3	BR	100	Stubble	1.28	0.337	0.295	0.632	0	0	0.304	0	14/11/2008	10	M
3	RL	100	Stubble	1.129	0.319	0.339	0.658	0.017	0.1	0.25	0.174	14/11/2008	10	M
3	RR	100	Stubble	1.326	0.254	0.291	0.545	0.095	0.27	0.152	0.354	14/11/2008	10	M
3	RRBL	100	Stubble	1.275	0.287	0.258	0.545	0	0	0.056	0	14/11/2008	10	M
4	BL	100	Stubble	0.827	0.276	0.327	0.603	0.233	0.985	0.36	0.236	12/11/2008	10	F
4	BR	100	Stubble	0.489	0.29	0.178	0.468	0	0	1.36	0.081	12/11/2008	10	M
4	RL	100	Stubble	1.021	0.261	0.312	0.573	0.019	0.2	0.42	0.093	12/11/2008	10	F
4	RR	100	Stubble	1.55	0.253	0.275	0.528	0.021	0.2	0.13	0.103	12/11/2008	10	F
4	RRBL	100	Stubble	0.521	0.35	0.36	0.71	0.176	1.18	0.538	0.149	12/11/2008	10	F
1	BL	200	Stubble	1.678	0.276	0.244	0.52	0	0	0.112	0	12/11/2008	12	M
1	BR	200	Stubble	1.19	0.276	0.253	0.529	0.101	0.507	0.224	0.198	12/11/2008	12	F
1	RL	200	Stubble	1.734	0.192	0.283	0.475	0	0	0.12	0	12/11/2008	12	F
1	RR	200	Stubble	1.181	0.26	0.457	0.717	0.011	0	0.096	0	12/11/2008	12	F
1	RRBL	200	Stubble	1.335	0.25	0.337	0.587	0	0	0.2	0	12/11/2008	12	M
2	BL	200	Stubble	0.596	0.356	0.59	0.946	0.155	0.26	0.41	0.547	18/11/2008	10	F
2	BR	200	Stubble	0.905	0.368	0.528	0.896	0	0	0.136	0	18/11/2008	10	F
2	RL	200	Stubble	0.638	0.444	0.593	1.037	0.168	0.66	0.168	0.266	18/11/2008	10	M
2	RR	200	Stubble	0.531	0.557	0.45	1.007	0.036	0.48	0.97	0.076	18/11/2008	10	M
2	RRBL	200	Stubble	0.695	0.458	0.485	0.943	0.048	0.26	0.304	0.126	18/11/2008	10	M
3	BL	200	Stubble	0.733	0.331	0.501	0.832	0.068	0.28	0.31	0.244	18/11/2008	10	F
3	BR	200	Stubble	0.55	0.491	0.641	1.132	0.198	0.537	0.276	0.345	18/11/2008	10	M
3	RL	200	Stubble	0.726	0.605	0.261	0.866	0.176	0.67	0.132	0.207	18/11/2008	10	M
3	RR	200	Stubble	0.844	0.322	0.746	1.068	0.135	0.122	0.092	0.483	18/11/2008	10	M
3	RRBL	200	Stubble	0.317	0.322	0.261	0.583	0.624	0.44	0.628	0.181	18/11/2008	10	M
4	BL	200	Stubble	0.806	0.345	0.29	0.635	0.253	0.55	0.21	0.461	14/11/2008	12	F
4	BR	200	Stubble	0.931	0.386	0.287	0.673	0	0	0.312	0	14/11/2008	12	M
4	RL	200	Stubble	1.695	0.182	0.302	0.484	0	0	0.096	0	14/11/2008	12	F
4	RR	200	Stubble	2.365	0.16	0.168	0.328	0	0	0.112	0	14/11/2008	12	F
4	RRBL	200	Stubble	1.066	0.331	0.274	0.605	0.082	0.307	0.328	0.246	14/11/2008	12	F
1	BL	400	Stubble	0.604	0.235	0.299	0.534	0.064	0.28	0.088	0.186	14/11/2008	10	M
1	BR	400	Stubble	0.899	0.265	0.356	0.621	0.101	0.373	0.228	0.27	14/11/2008	10	F
1	RL	400	Stubble	1.19	0.29	0.263	0.553	0.058	0.68	0.11	0.085	14/11/2008	10	F
1	RR	400	Stubble	1.075	0.32	0.425	0.745	0.111	0.23	0.04	0.358	14/11/2008	10	F
1	RRBL	400	Stubble	1.217	0.346	0.309	0.655	0.019	0.2	0.072	0.094	14/11/2008	10	M
2	BL	400	Stubble	1.083	0.24	0.324	0.564	0.19	0.404	0.056	0.417	20/11/2008	10	F
2	BR	400	Stubble	1.049	0.237	0.52	0.757	0.014	0.26	0.12	0.087	20/11/2008	10	F
2	RL	400	Stubble	1	0.212	0.504	0.716	0.08	0.147	0.475	0.333	20/11/2008	10	M
2	RR	400	Stubble	0.511	0.37	0.413	0.783	0.288	0.62	0.33	0.465	20/11/2008	10	M
2	RRBL	400	Stubble	0.888	0.349	0.397	0.746	0.083	0.56	0.184	0.148	20/11/2008	10	M
3	BL	400	Stubble	0.961	0.239	0.346	0.585	0.207	0.54	0.072	0.384	20/11/2008	10	F
3	BR	400	Stubble	1.19	0.236	0.468	0.704	0.021	0.16	0.16	0.132	20/11/2008	10	M
3	RL	400	Stubble	1.285	0.217	0.274	0.491	0.067	0.227	0.498	0.296	20/11/2008	10	M
3	RR	400	Stubble	0.935	0.307	0.502	0.809	0.07	0.2	0.112	0.35	20/11/2008	10	M
3	RRBL	400	Stubble	1.144	0.275	0.423	0.698	0.131	0.8	0.01	0.163	20/11/2008	10	M
4	BL	400	Stubble	NA	NA	NA	NA	NA	NA	NA	NA	NA	NA	F
4	BR	400	Stubble	NA	NA	NA	NA	NA	NA	NA	NA	NA	NA	M
4	RL	400	Stubble	NA	NA	NA	NA	NA	NA	NA	NA	NA	NA	F
4	RR	400	Stubble	NA	NA	NA	NA	NA	NA	NA	NA	NA	NA	F
4	RRBL	400	Stubble	NA	NA	NA	NA	NA	NA	NA	NA	NA	NA	F
